{
 "cells": [
  {
   "cell_type": "markdown",
   "metadata": {},
   "source": [
    "## RAPIDS + Dask examples on AI Notebooks\n",
    "\n",
    "**This example is not an officially supported Google product, does not have a SLA/SLO, and should not be used in production.**\n"
   ]
  },
  {
   "cell_type": "code",
   "execution_count": null,
   "metadata": {},
   "outputs": [],
   "source": [
    "## Create conda environment - execute in terminal\n",
    "'''\n",
    "conda create -n rapids-0.17 -c rapidsai -c nvidia \\\n",
    "-c conda-forge -c dask -c defaults rapids-blazing=0.17 python=3.7 cudatoolkit=11.0  gcsfs=0.7.1 -y\n",
    "\n",
    "conda activate rapids-0.17\n",
    "'''"
   ]
  },
  {
   "cell_type": "code",
   "execution_count": 3,
   "metadata": {},
   "outputs": [
    {
     "name": "stdout",
     "output_type": "stream",
     "text": [
      "Cloning into 'rapids_AIP'...\n",
      "remote: Enumerating objects: 155, done.\u001b[K\n",
      "remote: Counting objects: 100% (155/155), done.\u001b[K\n",
      "remote: Compressing objects: 100% (117/117), done.\u001b[K\n",
      "remote: Total 155 (delta 39), reused 131 (delta 27), pack-reused 0\u001b[K\n",
      "Receiving objects: 100% (155/155), 107.19 KiB | 2.19 MiB/s, done.\n",
      "Resolving deltas: 100% (39/39), done.\n"
     ]
    }
   ],
   "source": [
    "!git clone https://github.com/remylouisew/rapids_AIP.git"
   ]
  },
  {
   "cell_type": "code",
   "execution_count": 8,
   "metadata": {},
   "outputs": [],
   "source": [
    "import dask_cudf\n",
    "import cupy as cp\n",
    "import time\n",
    "import gcsfs\n",
    "import os, json\n",
    "import subprocess\n",
    "import pandas as pd\n",
    "import time\n",
    "\n",
    "\n",
    "GCS_BUCKET = \"bucket_name/optional_folder\" #replace with your GCS bucket name or GCS folder path"
   ]
  },
  {
   "cell_type": "code",
   "execution_count": 1,
   "metadata": {},
   "outputs": [],
   "source": [
    "# Instatiate LocalCUDACluster to assign dask processes to GPUs\n",
    "\n",
    "from dask_cuda import LocalCUDACluster\n",
    "from dask.distributed import Client, wait\n",
    "\n",
    "cluster = LocalCUDACluster()\n",
    "client = Client(cluster)\n"
   ]
  },
  {
   "cell_type": "code",
   "execution_count": 10,
   "metadata": {},
   "outputs": [
    {
     "name": "stdout",
     "output_type": "stream",
     "text": [
      "Number of partitions is 10\n"
     ]
    }
   ],
   "source": [
    "# Read dataset into Dask DMatrix from Google Cloud Storage\n",
    "\n",
    "colnames = ['label'] + ['feature%02d' % i for i in range(1, 29)]\n",
    "train_dir='gs://' + GCS_BUCKET + '/abcdefghij/*.csv' #GCS public bucket. We're using GCS's wildcard functionality to select the files we need\n",
    "df = dask_cudf.read_csv(train_dir, header=None, names=colnames, chunksize=None)\n",
    "\n",
    "print(\"Number of partitions is\", df.npartitions)"
   ]
  },
  {
   "cell_type": "code",
   "execution_count": 10,
   "metadata": {},
   "outputs": [
    {
     "name": "stdout",
     "output_type": "stream",
     "text": [
      "CPU times: user 5.6 s, sys: 393 ms, total: 6 s\n",
      "Wall time: 1min 8s\n"
     ]
    },
    {
     "data": {
      "text/html": [
       "<div>\n",
       "<style scoped>\n",
       "    .dataframe tbody tr th:only-of-type {\n",
       "        vertical-align: middle;\n",
       "    }\n",
       "\n",
       "    .dataframe tbody tr th {\n",
       "        vertical-align: top;\n",
       "    }\n",
       "\n",
       "    .dataframe thead th {\n",
       "        text-align: right;\n",
       "    }\n",
       "</style>\n",
       "<table border=\"1\" class=\"dataframe\">\n",
       "  <thead>\n",
       "    <tr style=\"text-align: right;\">\n",
       "      <th></th>\n",
       "      <th>label</th>\n",
       "      <th>feature01</th>\n",
       "      <th>feature02</th>\n",
       "      <th>feature03</th>\n",
       "      <th>feature04</th>\n",
       "      <th>feature05</th>\n",
       "      <th>feature06</th>\n",
       "      <th>feature07</th>\n",
       "      <th>feature08</th>\n",
       "      <th>feature09</th>\n",
       "      <th>...</th>\n",
       "      <th>feature19</th>\n",
       "      <th>feature20</th>\n",
       "      <th>feature21</th>\n",
       "      <th>feature22</th>\n",
       "      <th>feature23</th>\n",
       "      <th>feature24</th>\n",
       "      <th>feature25</th>\n",
       "      <th>feature26</th>\n",
       "      <th>feature27</th>\n",
       "      <th>feature28</th>\n",
       "    </tr>\n",
       "    <tr>\n",
       "      <th>key</th>\n",
       "      <th></th>\n",
       "      <th></th>\n",
       "      <th></th>\n",
       "      <th></th>\n",
       "      <th></th>\n",
       "      <th></th>\n",
       "      <th></th>\n",
       "      <th></th>\n",
       "      <th></th>\n",
       "      <th></th>\n",
       "      <th></th>\n",
       "      <th></th>\n",
       "      <th></th>\n",
       "      <th></th>\n",
       "      <th></th>\n",
       "      <th></th>\n",
       "      <th></th>\n",
       "      <th></th>\n",
       "      <th></th>\n",
       "      <th></th>\n",
       "      <th></th>\n",
       "    </tr>\n",
       "  </thead>\n",
       "  <tbody>\n",
       "    <tr>\n",
       "      <th>1.0</th>\n",
       "      <td>0.531377</td>\n",
       "      <td>0.985962</td>\n",
       "      <td>0.941141</td>\n",
       "      <td>0.000334</td>\n",
       "      <td>1.001279</td>\n",
       "      <td>0.000383</td>\n",
       "      <td>0.991820</td>\n",
       "      <td>0.245437</td>\n",
       "      <td>-0.000452</td>\n",
       "      <td>0.999710</td>\n",
       "      <td>...</td>\n",
       "      <td>0.163236</td>\n",
       "      <td>0.000175</td>\n",
       "      <td>0.999569</td>\n",
       "      <td>1.035395</td>\n",
       "      <td>1.025391</td>\n",
       "      <td>1.050612</td>\n",
       "      <td>1.022248</td>\n",
       "      <td>0.971953</td>\n",
       "      <td>1.039929</td>\n",
       "      <td>0.967645</td>\n",
       "    </tr>\n",
       "    <tr>\n",
       "      <th>-1.0</th>\n",
       "      <td>0.530892</td>\n",
       "      <td>0.985611</td>\n",
       "      <td>-0.941425</td>\n",
       "      <td>-0.000624</td>\n",
       "      <td>1.002881</td>\n",
       "      <td>0.000220</td>\n",
       "      <td>0.992240</td>\n",
       "      <td>-0.246486</td>\n",
       "      <td>0.000753</td>\n",
       "      <td>0.999167</td>\n",
       "      <td>...</td>\n",
       "      <td>-0.163185</td>\n",
       "      <td>-0.000064</td>\n",
       "      <td>0.998884</td>\n",
       "      <td>1.035382</td>\n",
       "      <td>1.025831</td>\n",
       "      <td>1.050893</td>\n",
       "      <td>1.022185</td>\n",
       "      <td>0.971940</td>\n",
       "      <td>1.040264</td>\n",
       "      <td>0.968021</td>\n",
       "    </tr>\n",
       "    <tr>\n",
       "      <th>0.0</th>\n",
       "      <td>0.536814</td>\n",
       "      <td>1.082443</td>\n",
       "      <td>0.000127</td>\n",
       "      <td>-0.000586</td>\n",
       "      <td>0.989486</td>\n",
       "      <td>0.000751</td>\n",
       "      <td>1.013883</td>\n",
       "      <td>0.000645</td>\n",
       "      <td>-0.000045</td>\n",
       "      <td>1.003090</td>\n",
       "      <td>...</td>\n",
       "      <td>0.000762</td>\n",
       "      <td>0.000192</td>\n",
       "      <td>0.992716</td>\n",
       "      <td>1.036274</td>\n",
       "      <td>1.028642</td>\n",
       "      <td>1.057083</td>\n",
       "      <td>0.982833</td>\n",
       "      <td>0.987475</td>\n",
       "      <td>1.019824</td>\n",
       "      <td>0.941772</td>\n",
       "    </tr>\n",
       "    <tr>\n",
       "      <th>2.0</th>\n",
       "      <td>0.509495</td>\n",
       "      <td>0.796530</td>\n",
       "      <td>1.825514</td>\n",
       "      <td>0.003485</td>\n",
       "      <td>1.007586</td>\n",
       "      <td>-0.000123</td>\n",
       "      <td>0.932562</td>\n",
       "      <td>0.488155</td>\n",
       "      <td>-0.000122</td>\n",
       "      <td>0.996964</td>\n",
       "      <td>...</td>\n",
       "      <td>0.327445</td>\n",
       "      <td>-0.001159</td>\n",
       "      <td>1.018579</td>\n",
       "      <td>1.025887</td>\n",
       "      <td>1.012906</td>\n",
       "      <td>1.034657</td>\n",
       "      <td>1.030662</td>\n",
       "      <td>0.942668</td>\n",
       "      <td>1.039756</td>\n",
       "      <td>0.974749</td>\n",
       "    </tr>\n",
       "    <tr>\n",
       "      <th>-2.0</th>\n",
       "      <td>0.510331</td>\n",
       "      <td>0.797193</td>\n",
       "      <td>-1.825494</td>\n",
       "      <td>0.001399</td>\n",
       "      <td>1.007824</td>\n",
       "      <td>-0.001201</td>\n",
       "      <td>0.932832</td>\n",
       "      <td>-0.487517</td>\n",
       "      <td>-0.001699</td>\n",
       "      <td>0.995276</td>\n",
       "      <td>...</td>\n",
       "      <td>-0.331606</td>\n",
       "      <td>-0.000372</td>\n",
       "      <td>1.020613</td>\n",
       "      <td>1.024566</td>\n",
       "      <td>1.012883</td>\n",
       "      <td>1.034479</td>\n",
       "      <td>1.030533</td>\n",
       "      <td>0.941330</td>\n",
       "      <td>1.039123</td>\n",
       "      <td>0.973977</td>\n",
       "    </tr>\n",
       "  </tbody>\n",
       "</table>\n",
       "<p>5 rows × 29 columns</p>\n",
       "</div>"
      ],
      "text/plain": [
       "         label  feature01  feature02  feature03  feature04  feature05  \\\n",
       "key                                                                     \n",
       " 1.0  0.531377   0.985962   0.941141   0.000334   1.001279   0.000383   \n",
       "-1.0  0.530892   0.985611  -0.941425  -0.000624   1.002881   0.000220   \n",
       " 0.0  0.536814   1.082443   0.000127  -0.000586   0.989486   0.000751   \n",
       " 2.0  0.509495   0.796530   1.825514   0.003485   1.007586  -0.000123   \n",
       "-2.0  0.510331   0.797193  -1.825494   0.001399   1.007824  -0.001201   \n",
       "\n",
       "      feature06  feature07  feature08  feature09  ...  feature19  feature20  \\\n",
       "key                                               ...                         \n",
       " 1.0   0.991820   0.245437  -0.000452   0.999710  ...   0.163236   0.000175   \n",
       "-1.0   0.992240  -0.246486   0.000753   0.999167  ...  -0.163185  -0.000064   \n",
       " 0.0   1.013883   0.000645  -0.000045   1.003090  ...   0.000762   0.000192   \n",
       " 2.0   0.932562   0.488155  -0.000122   0.996964  ...   0.327445  -0.001159   \n",
       "-2.0   0.932832  -0.487517  -0.001699   0.995276  ...  -0.331606  -0.000372   \n",
       "\n",
       "      feature21  feature22  feature23  feature24  feature25  feature26  \\\n",
       "key                                                                      \n",
       " 1.0   0.999569   1.035395   1.025391   1.050612   1.022248   0.971953   \n",
       "-1.0   0.998884   1.035382   1.025831   1.050893   1.022185   0.971940   \n",
       " 0.0   0.992716   1.036274   1.028642   1.057083   0.982833   0.987475   \n",
       " 2.0   1.018579   1.025887   1.012906   1.034657   1.030662   0.942668   \n",
       "-2.0   1.020613   1.024566   1.012883   1.034479   1.030533   0.941330   \n",
       "\n",
       "      feature27  feature28  \n",
       "key                         \n",
       " 1.0   1.039929   0.967645  \n",
       "-1.0   1.040264   0.968021  \n",
       " 0.0   1.019824   0.941772  \n",
       " 2.0   1.039756   0.974749  \n",
       "-2.0   1.039123   0.973977  \n",
       "\n",
       "[5 rows x 29 columns]"
      ]
     },
     "execution_count": 10,
     "metadata": {},
     "output_type": "execute_result"
    }
   ],
   "source": [
    "%%time\n",
    "# Some basic functions using Dask\n",
    "\n",
    "df[\"key\"] = df.feature02.round()\n",
    "group_means = df.groupby(\"key\").mean().persist()\n",
    "wait(group_means);\n",
    "\n",
    "group_means.head()\n",
    "\n",
    "#group_means.compute() will output the cuDF Dataframe as a Pandas DataFrame. A good workflow would be to summarize your data using Dask, then output to pandas for plotting or other pandas functions.\n"
   ]
  },
  {
   "cell_type": "code",
   "execution_count": null,
   "metadata": {},
   "outputs": [],
   "source": [
    "# This will allow you to see memory usage your GPUs in real-time \n",
    "# Better to execute in terminal rather than in Notebook\n",
    "!nvidia-smi dmon"
   ]
  },
  {
   "cell_type": "code",
   "execution_count": 1,
   "metadata": {},
   "outputs": [
    {
     "data": {
      "text/html": [
       "<table style=\"border: 2px solid white;\">\n",
       "<tr>\n",
       "<td style=\"vertical-align: top; border: 0px solid white\">\n",
       "<h3 style=\"text-align: left;\">Client</h3>\n",
       "<ul style=\"text-align: left; list-style: none; margin: 0; padding: 0;\">\n",
       "  <li><b>Scheduler: </b>tcp://127.0.0.1:35483</li>\n",
       "  <li><b>Dashboard: </b><a href='http://127.0.0.1:8787/status' target='_blank'>http://127.0.0.1:8787/status</a></li>\n",
       "</ul>\n",
       "</td>\n",
       "<td style=\"vertical-align: top; border: 0px solid white\">\n",
       "<h3 style=\"text-align: left;\">Cluster</h3>\n",
       "<ul style=\"text-align: left; list-style:none; margin: 0; padding: 0;\">\n",
       "  <li><b>Workers: </b>1</li>\n",
       "  <li><b>Cores: </b>1</li>\n",
       "  <li><b>Memory: </b>63.33 GB</li>\n",
       "</ul>\n",
       "</td>\n",
       "</tr>\n",
       "</table>"
      ],
      "text/plain": [
       "<Client: 'tcp://127.0.0.1:35483' processes=1 threads=1, memory=63.33 GB>"
      ]
     },
     "execution_count": 1,
     "metadata": {},
     "output_type": "execute_result"
    }
   ],
   "source": [
    "# Now restart the kernal so that you can instatiate a new LocalCUDAcluster, \n",
    "# this time one that will spill to host memory when the GPU memory is exceeded\n",
    "\n",
    "import dask_cudf\n",
    "import cupy as cp\n",
    "import argparse\n",
    "import time\n",
    "import gcsfs\n",
    "import dask_cudf\n",
    "import os, json\n",
    "import subprocess\n",
    "from dask_cuda import LocalCUDACluster\n",
    "from dask.distributed import Client, wait\n",
    "from dask.utils import parse_bytes\n",
    "\n",
    "cluster = LocalCUDACluster(CUDA_VISIBLE_DEVICES=\"0\",\n",
    "    #Dask will spill to disk by default, but setting device_memory_limit allows you to control when that will happen\n",
    "    device_memory_limit=parse_bytes(\"14GB\"),)\n",
    "client = Client(cluster)\n",
    "client\n"
   ]
  },
  {
   "cell_type": "code",
   "execution_count": 2,
   "metadata": {},
   "outputs": [
    {
     "name": "stdout",
     "output_type": "stream",
     "text": [
      "Number of partitions is 30\n",
      "CPU times: user 5.99 s, sys: 1.11 s, total: 7.1 s\n",
      "Wall time: 3min 15s\n"
     ]
    },
    {
     "data": {
      "text/html": [
       "<div>\n",
       "<style scoped>\n",
       "    .dataframe tbody tr th:only-of-type {\n",
       "        vertical-align: middle;\n",
       "    }\n",
       "\n",
       "    .dataframe tbody tr th {\n",
       "        vertical-align: top;\n",
       "    }\n",
       "\n",
       "    .dataframe thead th {\n",
       "        text-align: right;\n",
       "    }\n",
       "</style>\n",
       "<table border=\"1\" class=\"dataframe\">\n",
       "  <thead>\n",
       "    <tr style=\"text-align: right;\">\n",
       "      <th></th>\n",
       "      <th>label</th>\n",
       "      <th>feature01</th>\n",
       "      <th>feature02</th>\n",
       "      <th>feature03</th>\n",
       "      <th>feature04</th>\n",
       "      <th>feature05</th>\n",
       "      <th>feature06</th>\n",
       "      <th>feature07</th>\n",
       "      <th>feature08</th>\n",
       "      <th>feature09</th>\n",
       "      <th>...</th>\n",
       "      <th>feature19</th>\n",
       "      <th>feature20</th>\n",
       "      <th>feature21</th>\n",
       "      <th>feature22</th>\n",
       "      <th>feature23</th>\n",
       "      <th>feature24</th>\n",
       "      <th>feature25</th>\n",
       "      <th>feature26</th>\n",
       "      <th>feature27</th>\n",
       "      <th>feature28</th>\n",
       "    </tr>\n",
       "    <tr>\n",
       "      <th>key</th>\n",
       "      <th></th>\n",
       "      <th></th>\n",
       "      <th></th>\n",
       "      <th></th>\n",
       "      <th></th>\n",
       "      <th></th>\n",
       "      <th></th>\n",
       "      <th></th>\n",
       "      <th></th>\n",
       "      <th></th>\n",
       "      <th></th>\n",
       "      <th></th>\n",
       "      <th></th>\n",
       "      <th></th>\n",
       "      <th></th>\n",
       "      <th></th>\n",
       "      <th></th>\n",
       "      <th></th>\n",
       "      <th></th>\n",
       "      <th></th>\n",
       "      <th></th>\n",
       "    </tr>\n",
       "  </thead>\n",
       "  <tbody>\n",
       "    <tr>\n",
       "      <th>1.0</th>\n",
       "      <td>0.531377</td>\n",
       "      <td>0.985962</td>\n",
       "      <td>0.941141</td>\n",
       "      <td>0.000334</td>\n",
       "      <td>1.001279</td>\n",
       "      <td>0.000383</td>\n",
       "      <td>0.991820</td>\n",
       "      <td>0.245437</td>\n",
       "      <td>-0.000452</td>\n",
       "      <td>0.999710</td>\n",
       "      <td>...</td>\n",
       "      <td>0.163236</td>\n",
       "      <td>0.000175</td>\n",
       "      <td>0.999569</td>\n",
       "      <td>1.035395</td>\n",
       "      <td>1.025391</td>\n",
       "      <td>1.050612</td>\n",
       "      <td>1.022248</td>\n",
       "      <td>0.971953</td>\n",
       "      <td>1.039929</td>\n",
       "      <td>0.967645</td>\n",
       "    </tr>\n",
       "    <tr>\n",
       "      <th>-1.0</th>\n",
       "      <td>0.530892</td>\n",
       "      <td>0.985611</td>\n",
       "      <td>-0.941425</td>\n",
       "      <td>-0.000624</td>\n",
       "      <td>1.002881</td>\n",
       "      <td>0.000220</td>\n",
       "      <td>0.992240</td>\n",
       "      <td>-0.246486</td>\n",
       "      <td>0.000753</td>\n",
       "      <td>0.999167</td>\n",
       "      <td>...</td>\n",
       "      <td>-0.163185</td>\n",
       "      <td>-0.000064</td>\n",
       "      <td>0.998884</td>\n",
       "      <td>1.035382</td>\n",
       "      <td>1.025831</td>\n",
       "      <td>1.050893</td>\n",
       "      <td>1.022185</td>\n",
       "      <td>0.971940</td>\n",
       "      <td>1.040264</td>\n",
       "      <td>0.968021</td>\n",
       "    </tr>\n",
       "    <tr>\n",
       "      <th>2.0</th>\n",
       "      <td>0.509495</td>\n",
       "      <td>0.796530</td>\n",
       "      <td>1.825514</td>\n",
       "      <td>0.003485</td>\n",
       "      <td>1.007586</td>\n",
       "      <td>-0.000123</td>\n",
       "      <td>0.932562</td>\n",
       "      <td>0.488155</td>\n",
       "      <td>-0.000122</td>\n",
       "      <td>0.996964</td>\n",
       "      <td>...</td>\n",
       "      <td>0.327445</td>\n",
       "      <td>-0.001159</td>\n",
       "      <td>1.018579</td>\n",
       "      <td>1.025887</td>\n",
       "      <td>1.012906</td>\n",
       "      <td>1.034657</td>\n",
       "      <td>1.030662</td>\n",
       "      <td>0.942668</td>\n",
       "      <td>1.039756</td>\n",
       "      <td>0.974749</td>\n",
       "    </tr>\n",
       "    <tr>\n",
       "      <th>-2.0</th>\n",
       "      <td>0.510331</td>\n",
       "      <td>0.797193</td>\n",
       "      <td>-1.825494</td>\n",
       "      <td>0.001399</td>\n",
       "      <td>1.007824</td>\n",
       "      <td>-0.001201</td>\n",
       "      <td>0.932832</td>\n",
       "      <td>-0.487517</td>\n",
       "      <td>-0.001699</td>\n",
       "      <td>0.995276</td>\n",
       "      <td>...</td>\n",
       "      <td>-0.331606</td>\n",
       "      <td>-0.000372</td>\n",
       "      <td>1.020613</td>\n",
       "      <td>1.024566</td>\n",
       "      <td>1.012883</td>\n",
       "      <td>1.034479</td>\n",
       "      <td>1.030533</td>\n",
       "      <td>0.941330</td>\n",
       "      <td>1.039123</td>\n",
       "      <td>0.973977</td>\n",
       "    </tr>\n",
       "    <tr>\n",
       "      <th>0.0</th>\n",
       "      <td>0.536814</td>\n",
       "      <td>1.082443</td>\n",
       "      <td>0.000127</td>\n",
       "      <td>-0.000586</td>\n",
       "      <td>0.989486</td>\n",
       "      <td>0.000751</td>\n",
       "      <td>1.013883</td>\n",
       "      <td>0.000645</td>\n",
       "      <td>-0.000045</td>\n",
       "      <td>1.003090</td>\n",
       "      <td>...</td>\n",
       "      <td>0.000762</td>\n",
       "      <td>0.000192</td>\n",
       "      <td>0.992716</td>\n",
       "      <td>1.036274</td>\n",
       "      <td>1.028642</td>\n",
       "      <td>1.057083</td>\n",
       "      <td>0.982833</td>\n",
       "      <td>0.987475</td>\n",
       "      <td>1.019824</td>\n",
       "      <td>0.941772</td>\n",
       "    </tr>\n",
       "  </tbody>\n",
       "</table>\n",
       "<p>5 rows × 29 columns</p>\n",
       "</div>"
      ],
      "text/plain": [
       "         label  feature01  feature02  feature03  feature04  feature05  \\\n",
       "key                                                                     \n",
       " 1.0  0.531377   0.985962   0.941141   0.000334   1.001279   0.000383   \n",
       "-1.0  0.530892   0.985611  -0.941425  -0.000624   1.002881   0.000220   \n",
       " 2.0  0.509495   0.796530   1.825514   0.003485   1.007586  -0.000123   \n",
       "-2.0  0.510331   0.797193  -1.825494   0.001399   1.007824  -0.001201   \n",
       " 0.0  0.536814   1.082443   0.000127  -0.000586   0.989486   0.000751   \n",
       "\n",
       "      feature06  feature07  feature08  feature09  ...  feature19  feature20  \\\n",
       "key                                               ...                         \n",
       " 1.0   0.991820   0.245437  -0.000452   0.999710  ...   0.163236   0.000175   \n",
       "-1.0   0.992240  -0.246486   0.000753   0.999167  ...  -0.163185  -0.000064   \n",
       " 2.0   0.932562   0.488155  -0.000122   0.996964  ...   0.327445  -0.001159   \n",
       "-2.0   0.932832  -0.487517  -0.001699   0.995276  ...  -0.331606  -0.000372   \n",
       " 0.0   1.013883   0.000645  -0.000045   1.003090  ...   0.000762   0.000192   \n",
       "\n",
       "      feature21  feature22  feature23  feature24  feature25  feature26  \\\n",
       "key                                                                      \n",
       " 1.0   0.999569   1.035395   1.025391   1.050612   1.022248   0.971953   \n",
       "-1.0   0.998884   1.035382   1.025831   1.050893   1.022185   0.971940   \n",
       " 2.0   1.018579   1.025887   1.012906   1.034657   1.030662   0.942668   \n",
       "-2.0   1.020613   1.024566   1.012883   1.034479   1.030533   0.941330   \n",
       " 0.0   0.992716   1.036274   1.028642   1.057083   0.982833   0.987475   \n",
       "\n",
       "      feature27  feature28  \n",
       "key                         \n",
       " 1.0   1.039929   0.967645  \n",
       "-1.0   1.040264   0.968021  \n",
       " 2.0   1.039756   0.974749  \n",
       "-2.0   1.039123   0.973977  \n",
       " 0.0   1.019824   0.941772  \n",
       "\n",
       "[5 rows x 29 columns]"
      ]
     },
     "execution_count": 2,
     "metadata": {},
     "output_type": "execute_result"
    }
   ],
   "source": [
    "%%time\n",
    "# Read in larger dataset (20GB) from GCS\n",
    "\n",
    "colnames = ['label'] + ['feature%02d' % i for i in range(1, 29)]\n",
    "train_dir='gs://' + GCS_BUCKET + 'abcdefghi*/*.csv' #GCS public bucket\n",
    "df = dask_cudf.read_csv(train_dir, header=None, names=colnames, chunksize=None)\n",
    "\n",
    "print(\"Number of partitions is\", df.npartitions)\n",
    "\n",
    "# Run the dask functions, which will require nearly double the memory available on the GPU\n",
    "df[\"key\"] = df.feature02.round()\n",
    "group_means = df.groupby(\"key\").mean().persist()\n",
    "wait(group_means);\n",
    "\n",
    "group_means.head()"
   ]
  },
  {
   "cell_type": "code",
   "execution_count": null,
   "metadata": {},
   "outputs": [],
   "source": []
  }
 ],
 "metadata": {
  "environment": {
   "name": "common-cu110.mnightly-2021-01-20-debian-10-test",
   "type": "gcloud",
   "uri": "gcr.io/deeplearning-platform-release/base-cu110:mnightly-2021-01-20-debian-10-test"
  },
  "kernelspec": {
   "display_name": "Python [conda env:rapids-0.17]",
   "language": "python",
   "name": "conda-env-rapids-0.17-py"
  },
  "language_info": {
   "codemirror_mode": {
    "name": "ipython",
    "version": 3
   },
   "file_extension": ".py",
   "mimetype": "text/x-python",
   "name": "python",
   "nbconvert_exporter": "python",
   "pygments_lexer": "ipython3",
   "version": "3.7.9"
  }
 },
 "nbformat": 4,
 "nbformat_minor": 4
}
